15 52
15 52
15 52
15 52
13 52
16 52
16 52
16 52
16 52
24 55
24 55
24 55
24 55
27 60
27 60
27 60
27 60
27 60
27 60
27 60
27 60
27 60
27 60
49 54
46 54
36 54
51 54
46 54
36 54
22 55
-23 54
33 31
38 30
43 36
37 39
48 46
14 53
27 43
49 19
42 45
30 45
16 53
24 23
29 20
26 24
31 15
22 21
26 20
17 55
30 55
25 54
20 54
1 54
-1 54
-2 55
9 55
2 55
1 55
0 55
16 55
5 55
2 55
2 55
2 55
14 54
27 54
16 52
16 52
15 53
15 57
15 54
14 54
14 54
5 55
6 55
32 55
27 55
0 55
10 53
12 54
-4 54
25 55
19 55
19 55
-4 55
4 55
4 55
-5 56
-8 60
-8 61
-8 63
-12 52
-8 53
-26 53
15 54
11 54
-23 54
43 45
8 44
-18 43
-21 44
-28 44
-28 44
33 55
24 55
19 55
1 54
6 55
0 55
25 54
36 34
49 -24
-4 -13
14 44
26 49
2 54
2 54
0 54
26 55
46 56
36 56
25 55
25 55
40 55
38 55
25 55
28 55
27 55
24 55
37 55
38 55
22 55
17 54
19 54
19 54
20 54
18 54
19 54
20 54
27 55
21 54
47 64
53 59
52 64
39 74
20 55
28 54
28 54
28 54
28 54
32 54
34 45
42 32
40 51
35 51
38 44
46 31
40 48
35 48
26 54
34 54
33 54
27 55
28 52
29 54
48 54
28 54
29 54
44 54
46 54
42 54
46 54
42 54
46 54
29 55
29 53
32 54
29 54
10 51
-4 62
-1 53
42 52
29 55
26 55
26 55
21 55
22 55
23 55
22 55
-12 52
-5 52
-15 59
-14 59
-25 59
-30 53
-27 54
7 53
26 56
25 56
25 56
17 55
30 55
35 55
35 55
5 55
1 55
12 55
23 53
23 53
13 53
-10 57
-7 47
-1 38
0 57
-3 57
-3 57
-26 59
-27 54
7 53
26 56
25 56
25 56
18 50
-17 55
-17 55
21 54
48 56
5 52
5 52
8 51
16 51
17 56
17 53
18 53
19 53
18 53
25 53
20 54
29 55
32 55
33 55
1 55
25 56
34 56
34 56
16 54
