217 259
217 259
217 259
217 259
219 261
216 261
216 261
216 261
216 261
208 262
208 262
208 262
208 262
205 259
205 259
205 259
205 259
205 259
205 259
205 259
205 259
205 259
205 259
183 281
186 281
196 283
181 284
186 284
196 284
210 282
255 292
199 284
194 292
189 299
195 296
184 296
218 280
205 272
183 257
190 261
202 264
216 280
208 258
203 260
206 243
201 260
210 261
206 264
215 280
202 270
207 278
212 279
231 280
233 281
234 278
223 282
230 282
231 281
232 280
216 262
227 267
230 306
230 312
230 311
218 281
205 308
216 297
216 303
217 302
217 303
217 306
218 305
218 313
227 282
226 286
200 275
205 275
232 275
222 276
220 277
236 278
207 265
213 267
213 265
236 277
228 302
228 304
237 304
240 323
240 328
240 327
244 267
240 263
258 260
217 267
221 266
255 265
189 270
224 282
250 281
253 280
260 279
260 278
199 267
208 264
213 279
231 290
226 289
232 289
207 274
196 267
183 190
236 203
218 267
206 271
230 295
230 300
232 298
206 274
186 281
196 280
207 256
207 265
192 266
194 267
207 266
204 265
205 265
208 268
195 266
194 266
210 266
215 265
213 264
213 264
212 264
214 265
213 265
212 265
205 280
211 277
185 329
179 332
180 301
193 323
212 276
204 286
204 286
204 286
204 286
200 294
198 282
190 282
192 284
197 283
194 282
186 282
192 283
197 283
206 281
198 285
199 284
205 283
204 271
203 268
184 284
204 301
203 298
188 305
186 303
190 291
186 303
190 305
186 303
203 300
203 297
200 293
203 305
222 303
236 300
233 302
190 305
203 319
206 319
206 319
211 275
210 274
209 273
210 274
244 267
237 279
247 287
246 286
257 286
262 273
259 254
225 263
206 285
207 281
207 279
215 280
202 270
197 273
197 273
227 275
231 283
220 287
209 299
209 302
219 302
242 280
239 263
233 266
232 320
235 316
235 319
258 287
259 254
225 263
206 285
207 281
207 279
214 302
249 298
249 299
211 280
184 293
227 277
227 268
224 276
216 276
215 276
215 262
214 262
213 262
214 262
207 263
212 263
203 263
200 263
199 263
231 296
207 317
198 290
198 289
216 243