86 7
86 7
99 7
44 7
30 6
86 6
86 6
86 6
86 6
86 6
61 6
58 6
25 6
74 8
125 8
125 8
125 8
125 8
125 8
125 8
125 8
61 6
58 6
25 6
75 8
125 8
125 8
125 8
125 8
125 8
125 8
125 8
58 6
136 13
121 8
0 28
-3 5
-3 5
-3 5
-3 5
-3 5
-3 5
136 13
121 8
0 28
-3 5
-3 5
-3 5
-3 5
-3 5
-3 5
136 13
120 8
0 28
-3 5
-3 5
-3 5
-3 5
-3 5
-3 5
86 7
99 7
30 6
86 6
86 6
37 6
35 6
22 6
9 1
7 1
6 1
6 1
6 1
6 1
6 1
45 8
45 8
45 8
45 8
46 8
40 22
40 22
40 22
40 22
40 22
40 22
40 22
40 22
40 22
40 22
48 12
48 13
48 14
48 15
48 14
48 13
46 24
46 24
46 24
41 24
66 26
68 23
68 20
68 20
41 24
96 4
93 2
93 3
95 3
96 3
94 0
94 1
95 4
37 6
35 6
22 6
9 1
7 1
6 1
6 1
6 1
6 1
6 1
44 8
47 9
39 36
38 26
47 -6
47 -6
46 9
46 9
46 9
39 36
45 16
40 14
27 36
21 36
17 36
17 36
86 7
86 7
99 7
-18 9
-19 9
32 9
32 9
32 9
32 9
32 9
32 9
32 9
32 9
32 9
32 9
32 9
32 9
32 9
51 34
51 34
47 22
47 22
47 22
47 22
47 22
47 22
44 23
44 23
44 23
44 23
44 23
44 23
44 23
44 23
44 23
44 23
44 23
40 22
41 22
41 21
41 22
35 22
37 22
38 23
37 23
35 22
32 22
35 23
32 23
89 7
96 7
35 9
56 9
123 11
121 9
45 9
44 9
23 7
20 7
20 8
94 8
96 8
31 9
38 9
38 9
116 9
136 9
35 14
34 16
34 16
34 16
