80 6
80 6
95 6
30 6
35 6
82 0
78 6
78 6
78 6
78 6
52 6
45 6
24 6
74 6
118 6
118 6
118 6
118 6
118 6
118 6
118 6
48 6
45 6
24 6
74 6
118 6
118 6
118 6
118 6
118 6
118 6
118 6
45 6
128 6
113 6
-9 28
-5 5
-5 5
-5 5
-5 5
-5 5
-5 5
128 6
113 6
-9 28
-5 5
-5 5
-5 5
-5 5
-5 5
-5 5
128 6
113 6
-9 28
-5 5
-5 5
-5 5
-5 5
-5 5
-5 5
80 6
95 6
35 6
78 6
78 6
32 5
31 5
12 5
7 1
4 1
3 1
3 3
3 3
3 3
3 3
37 8
37 8
37 8
37 8
38 7
32 16
32 16
32 16
32 16
32 16
32 16
32 16
32 16
32 16
32 16
40 8
40 8
40 8
40 9
40 8
40 8
38 18
38 18
38 18
34 17
64 18
68 16
68 22
68 22
34 17
86 5
83 -2
83 -1
85 2
86 3
84 -4
84 -1
85 4
32 5
31 5
12 5
7 1
4 1
3 1
3 3
3 3
3 3
3 3
40 7
43 7
33 28
32 18
39 -11
39 -11
38 9
39 9
40 9
33 28
37 12
40 6
39 30
38 30
28 30
21 30
80 6
80 6
95 6
-22 6
-23 6
27 6
27 6
27 6
27 6
27 6
27 6
27 6
27 6
27 6
27 6
27 6
27 6
27 6
47 28
47 28
41 16
41 16
41 16
41 16
41 16
41 16
38 17
38 17
38 17
38 17
38 17
38 17
38 17
38 17
38 17
38 17
38 17
32 16
33 16
33 15
33 16
27 16
29 16
30 17
32 17
36 16
33 16
29 17
26 17
83 7
89 7
32 8
56 8
115 8
113 8
42 8
40 8
24 8
19 8
19 9
88 8
90 9
28 7
34 7
34 7
108 7
130 8
34 18
33 20
33 20
33 20
